module math

// Mathematical constants.
pub const (
	E   = 2.71828182845904523536028747135266249775724709369995957496696763
	PI  = 3.14159265358979323846264338327950288419716939937510582097494459
	PHI = 1.61803398874989484820458683436563811772030917980576286213544862

	SQRT_2   = 1.41421356237309504880168872420969807856967187537694807317667974
	SQRT_E   = 1.64872127070012814684865078781416357165377610071014801157507931
	SQRT_PI  = 1.77245385090551602729816748334114518279754945612238712821380779
	SQRT_PHI = 1.27201964951406896425242246173749149171560804184009624861664038

	LN_2  = 0.693147180559945309417232121458176568075500134360255254120680009
	LOG2E = 1.0 / LN_2

	LN_10  = 2.30258509299404568401799145468436420760110148862877297603332790
	LOG10E = 1.0 / LN_10
)
